open-jdk-21.server.G1.t-32:
  2.0:
    freq.stw: 4.197
    freq.other: 4.2909999999999995
    INSTS: 113714072414.6 # RETIRED_INSTRUCTIONS event 0xc0
    CYCLES: 94803293160.9 # CYCLES_NOT_IN_HALT event 0x76
    FE_STALLS: 186866025359.2 # DISPATCH_STALLS_1:FE_NO_OPS event 0x1000001a0
    BE_STALLS: 180382731655.0 # DISPATCH_STALLS_1:BE_STALLS event 0x100001ea0
    DC_MISS: 1568349622.4 # REQUESTS_TO_L2_GROUP1:RD_BLK_L:RD_BLK_X:LS_RD_BLK_C_S:CHANGE_TO_X event 0xe860
    DTLB_MISS: 52702642.2 # L1_DTLB_MISS:TLB_RELOAD_1G_L2_MISS:TLB_RELOAD_2M_L2_MISS:TLB_RELOAD_COALESCED_PAGE_MISS:TLB_RELOAD_4K_L2_MISS event 0xf045
    LLC_MISS.0: 245273559.9 # 1st CCX (8 slices of LLC shared by 8 cores) L3PMCx04 L3 tag lookup state, L3LookupMask=01h (MISS)
    LLC_MISS.8: 249902264.5 # 2nd CCX (8 slices of LLC shared by 8 cores) L3PMCx04 L3 tag lookup state, L3LookupMask=01h (MISS) 
    IPC: 1.199845982172637 # INSTS/CYCLES
    FE_BOUND: 0.3286278359034241 # FE_STALLS / (CYCLES * 6)
    BE_BOUND: 0.3169383499865181 # BE_STALLS / (CYCLES * 6)
    L1MPKI: 13.790679245897621 # DC_MISS / (1000 * INSTS)
    DTLBMPKI: 0.46336289070605413 # DTLB_MISS / (1000 * INSTS)
    LLCMPKI: 4.352714896465776 # (LLC_MISS.0 + LLC_MISS.8) / (1000 * INSTS)
