freq.stw: 4.197
freq.other: 4.2909999999999995
INSTS: 113714072414.6
CYCLES: 94803293160.9
FE_STALLS: 186866025359.2
BE_STALLS: 180382731655.0
DC_MISS: 1568349622.4
DTLB_MISS: 52702642.2
LLC_MISS.0: 245273559.9
LLC_MISS.8: 249902264.5
IPC: 1.199845982172637
FE_BOUND: 0.3286278359034241
BE_BOUND: 0.3169383499865181
L1MPKI: 13.790679245897621
DTLBMPKI: 0.46336289070605413
LLCMPKI: 4.352714896465776
