open-jdk-21.server.G1.t-32:
  2.0:
    freq.stw: 4.222
    freq.other: 4.445000000000001
    INSTS: 155988892974.7 # RETIRED_INSTRUCTIONS event 0xc0
    CYCLES: 66137083056.8 # CYCLES_NOT_IN_HALT event 0x76
    FE_STALLS: 18033730804.7 # DISPATCH_STALLS_1:FE_NO_OPS event 0x1000001a0
    BE_STALLS: 152112087949.8 # DISPATCH_STALLS_1:BE_STALLS event 0x100001ea0
    DC_MISS: 479122899.6 # REQUESTS_TO_L2_GROUP1:RD_BLK_L:RD_BLK_X:LS_RD_BLK_C_S:CHANGE_TO_X event 0xe860
    DTLB_MISS: 8147750.3 # L1_DTLB_MISS:TLB_RELOAD_1G_L2_MISS:TLB_RELOAD_2M_L2_MISS:TLB_RELOAD_COALESCED_PAGE_MISS:TLB_RELOAD_4K_L2_MISS event 0xf045
    LLC_MISS.0: 133440840.6 # 1st CCX (8 slices of LLC shared by 8 cores) L3PMCx04 L3 tag lookup state, L3LookupMask=01h (MISS)
    LLC_MISS.8: 136488743.7 # 2nd CCX (8 slices of LLC shared by 8 cores) L3PMCx04 L3 tag lookup state, L3LookupMask=01h (MISS) 
    IPC: 2.3590798637527817 # INSTS/CYCLES
    FE_BOUND: 0.045438181179574086 # FE_STALLS / (CYCLES * 6)
    BE_BOUND: 0.3832188468281431 # BE_STALLS / (CYCLES * 6)
    L1MPKI: 3.0717335569456194 # DC_MISS / (1000 * INSTS)
    DTLBMPKI: 0.05223670915157101 # DTLB_MISS / (1000 * INSTS)
    LLCMPKI: 1.7305735280985872 # (LLC_MISS.0 + LLC_MISS.8) / (1000 * INSTS)
