freq.stw: 4.222
freq.other: 4.445000000000001
INST: 155988892974.7
CYCLES: 66137083056.8
FE_STALLS: 18033730804.7
BE_STALLS: 152112087949.8
DC_MISS: 479122899.6
DTLB_MISS: 8147750.3
LLC_MISS.0: 133440840.6
LLC_MISS.8: 136488743.7
IPC: 2.3590798637527817
FE_BOUND: 0.045438181179574086
BE_BOUND: 0.3832188468281431
L1MPKI: 3.0717335569456194
DTLBMPKI: 0.05223670915157101
LLCMPKI: 1.7305735280985872
