open-jdk-21.server.G1.t-32:
  2.0:
    freq.stw: 4.169
    freq.other: 4.480000000000001
    INSTS: 153181931802.0 # RETIRED_INSTRUCTIONS event 0xc0
    CYCLES: 73204292022.5 # CYCLES_NOT_IN_HALT event 0x76
    FE_STALLS: 86640770207.8 # DISPATCH_STALLS_1:FE_NO_OPS event 0x1000001a0
    BE_STALLS: 28372380640.1 # DISPATCH_STALLS_1:BE_STALLS event 0x100001ea0
    DC_MISS: 503873100.9 # REQUESTS_TO_L2_GROUP1:RD_BLK_L:RD_BLK_X:LS_RD_BLK_C_S:CHANGE_TO_X event 0xe860
    DTLB_MISS: 2051020.0 # L1_DTLB_MISS:TLB_RELOAD_1G_L2_MISS:TLB_RELOAD_2M_L2_MISS:TLB_RELOAD_COALESCED_PAGE_MISS:TLB_RELOAD_4K_L2_MISS event 0xf045
    LLC_MISS.0: 24600157.7 # 1st CCX (8 slices of LLC shared by 8 cores) L3PMCx04 L3 tag lookup state, L3LookupMask=01h (MISS)
    LLC_MISS.8: 24174508.4 # 2nd CCX (8 slices of LLC shared by 8 cores) L3PMCx04 L3 tag lookup state, L3LookupMask=01h (MISS) 
    IPC: 2.0925419441705415 # INSTS/CYCLES
    FE_BOUND: 0.19726858658024304 # FE_STALLS / (CYCLES * 6)
    BE_BOUND: 0.06459400032627746 # BE_STALLS / (CYCLES * 6
    L1MPKI: 3.289605300661023 # DC_MISS / (1000 * INSTS)
    DTLBMPKI: 0.01339073566106394 # DTLB_MISS / (1000 * INSTS)
    LLCMPKI: 0.3184568777851719 # (LLC_MISS.0 + LLC_MISS.8) / (1000 * INSTS)
