freq.stw: 4.169
freq.other: 4.480000000000001
INSTS: 153181931802.0
CYCLES: 73204292022.5
FE_STALLS: 86640770207.8
BE_STALLS: 28372380640.1
DC_MISS: 503873100.9
DTLB_MISS: 2051020.0
LLC_MISS.0: 24600157.7
LLC_MISS.8: 24174508.4
IPC: 2.0925419441705415
FE_BOUND: 0.19726858658024304
BE_BOUND: 0.06459400032627746
L1MPKI: 3.289605300661023
DTLBMPKI: 0.01339073566106394
LLCMPKI: 0.3184568777851719
