freq.stw: 4.329000000000001
freq.other: 3.9579999999999997
INSTS: 64450588211.7
CYCLES: 59613863541.6
FE_STALLS: 143363209417.8
BE_STALLS: 107658879646.1
DC_MISS: 1502669253.8
DTLB_MISS: 53023420.5
LLC_MISS.0: 180743135.3
LLC_MISS.8: 171437687.7
IPC: 1.0804560489783832
FE_BOUND: 0.40072801494654414
BE_BOUND: 0.3021450023049682
L1MPKI: 23.272255408607485
DTLBMPKI: 0.8322581218556575
LLCMPKI: 5.511974779574963
