open-jdk-21.server.G1.t-32:
  2.0:
    freq.stw: 4.329000000000001
    freq.other: 3.9579999999999997
    INSTS: 64450588211.7 # RETIRED_INSTRUCTIONS event 0xc0
    CYCLES: 59613863541.6 # CYCLES_NOT_IN_HALT event 0x76
    FE_STALLS: 143363209417.8 # DISPATCH_STALLS_1:FE_NO_OPS event 0x1000001a0
    BE_STALLS: 107658879646.1 # DISPATCH_STALLS_1:BE_STALLS event 0x100001ea0
    DC_MISS: 1502669253.8 # REQUESTS_TO_L2_GROUP1:RD_BLK_L:RD_BLK_X:LS_RD_BLK_C_S:CHANGE_TO_X event 0xe860
    DTLB_MISS: 53023420.5 # L1_DTLB_MISS:TLB_RELOAD_1G_L2_MISS:TLB_RELOAD_2M_L2_MISS:TLB_RELOAD_COALESCED_PAGE_MISS:TLB_RELOAD_4K_L2_MISS event 0xf045
    LLC_MISS.0: 180743135.3 # 1st CCX (8 slices of LLC shared by 8 cores) L3PMCx04 L3 tag lookup state, L3LookupMask=01h (MISS)
    LLC_MISS.8: 171437687.7 # 2nd CCX (8 slices of LLC shared by 8 cores) L3PMCx04 L3 tag lookup state, L3LookupMask=01h (MISS) 
    IPC: 1.0804560489783832 # INSTS/CYCLES
    FE_BOUND: 0.40072801494654414 # FE_STALLS / (CYCLES * 6)
    BE_BOUND: 0.3021450023049682 # BE_STALLS / (CYCLES * 6)
    L1MPKI: 23.272255408607485 # DC_MISS / (1000 * INSTS)
    DTLBMPKI: 0.8322581218556575 # DTLB_MISS / (1000 * INSTS)
    LLCMPKI: 5.511974779574963 # (LLC_MISS.0 + LLC_MISS.8) / (1000 * INSTS)
