open-jdk-21.server.G1.t-32:
  2.0:
    freq.stw: 4.421000000000001
    freq.other: 4.450000000000001
    INSTS: 244923206484.0 # RETIRED_INSTRUCTIONS event 0xc0
    CYCLES: 177412656944.2 # CYCLES_NOT_IN_HALT event 0x76
    FE_STALLS: 185955531614.8 # DISPATCH_STALLS_1:FE_NO_OPS event 0x1000001a0
    BE_STALLS: 461242568854.9 # DISPATCH_STALLS_1:BE_STALLS event 0x100001ea0
    DC_MISS: 3920129679.4 # REQUESTS_TO_L2_GROUP1:RD_BLK_L:RD_BLK_X:LS_RD_BLK_C_S:CHANGE_TO_X event 0xe860
    DTLB_MISS: 121959640.9 # L1_DTLB_MISS:TLB_RELOAD_1G_L2_MISS:TLB_RELOAD_2M_L2_MISS:TLB_RELOAD_COALESCED_PAGE_MISS:TLB_RELOAD_4K_L2_MISS event 0xf045
    LLC_MISS.0: 528854427.3 # 1st CCX (8 slices of LLC shared by 8 cores) L3PMCx04 L3 tag lookup state, L3LookupMask=01h (MISS)
    LLC_MISS.8: 524222207.7 # 2nd CCX (8 slices of LLC shared by 8 cores) L3PMCx04 L3 tag lookup state, L3LookupMask=01h (MISS) 
    IPC: 1.3804929776757857 # INSTS/CYCLES
    FE_BOUND: 0.17470997394303897 # FE_STALLS / (CYCLES * 6)
    BE_BOUND: 0.43331290430233177 # BE_STALLS / (CYCLES * 6
    L1MPKI: 16.00881399868733 # DC_MISS / (1000 * INSTS)
    DTLBMPKI: 0.4980794462279216 # DTLB_MISS / (1000 * INSTS)
    LLCMPKI: 4.30038250476875 # (LLC_MISS.0 + LLC_MISS.8) / (1000 * INSTS)
