freq.stw: 4.421000000000001
freq.other: 4.450000000000001
INSTS: 244923206484.0
CYCLES: 177412656944.2
FE_STALLS: 185955531614.8
BE_STALLS: 461242568854.9
DC_MISS: 3920129679.4
DTLB_MISS: 121959640.9
LLC_MISS.0: 528854427.3
LLC_MISS.8: 524222207.7
IPC: 1.3804929776757857
FE_BOUND: 0.17470997394303897
BE_BOUND: 0.43331290430233177
L1MPKI: 16.00881399868733
DTLBMPKI: 0.4980794462279216
LLCMPKI: 4.30038250476875
