freq.stw: 3.9169999999999994
freq.other: 4.151999999999999
INST: 17432878894.7
CYCLES: 14849314285.6
FE_STALLS: 43576032789.3
BE_STALLS: 23447790990.3
DC_MISS: 481551145.0
DTLB_MISS: 7303694.2
LLC_MISS.0: 85772328.1
LLC_MISS.8: 63044156.4
IPC: 1.1768450150789933
FE_BOUND: 0.4894746735536347
BE_BOUND: 0.26228881699868206
L1MPKI: 27.631058650787327
DTLBMPKI: 0.41912735788369443
LLCMPKI: 8.545454182061768
