open-jdk-21.server.G1.t-32:
  2.0:
    freq.stw: 3.9169999999999994
    freq.other: 4.151999999999999
    INSTS: 17432878894.7 # RETIRED_INSTRUCTIONS event 0xc0
    CYCLES: 14849314285.6 # CYCLES_NOT_IN_HALT event 0x76
    FE_STALLS: 43576032789.3 # DISPATCH_STALLS_1:FE_NO_OPS event 0x1000001a0
    BE_STALLS: 23447790990.3 # DISPATCH_STALLS_1:BE_STALLS event 0x100001ea0
    DC_MISS: 481551145.0 # REQUESTS_TO_L2_GROUP1:RD_BLK_L:RD_BLK_X:LS_RD_BLK_C_S:CHANGE_TO_X event 0xe860
    DTLB_MISS: 7303694.2 # L1_DTLB_MISS:TLB_RELOAD_1G_L2_MISS:TLB_RELOAD_2M_L2_MISS:TLB_RELOAD_COALESCED_PAGE_MISS:TLB_RELOAD_4K_L2_MISS event 0xf045
    LLC_MISS.0: 85772328.1 # 1st CCX (8 slices of LLC shared by 8 cores) L3PMCx04 L3 tag lookup state, L3LookupMask=01h (MISS)
    LLC_MISS.8: 63044156.4 # 2nd CCX (8 slices of LLC shared by 8 cores) L3PMCx04 L3 tag lookup state, L3LookupMask=01h (MISS) 
    IPC: 1.1768450150789933 # INSTS/CYCLES
    FE_BOUND: 0.4894746735536347 # FE_STALLS / (CYCLES * 6)
    BE_BOUND: 0.26228881699868206 # BE_STALLS / (CYCLES * 6
    L1MPKI: 27.631058650787327 # DC_MISS / (1000 * INSTS)
    DTLBMPKI: 0.41912735788369443 # DTLB_MISS / (1000 * INSTS)
    LLCMPKI: 8.545454182061768 # (LLC_MISS.0 + LLC_MISS.8) / (1000 * INSTS)
