open-jdk-21.server.G1.t-32:
  2.0:
    freq.stw: 3.9560000000000004
    freq.other: 4.386000000000001
    INSTS: 68178905197.8 # RETIRED_INSTRUCTIONS event 0xc0
    CYCLES: 24660365858.6 # CYCLES_NOT_IN_HALT event 0x76
    FE_STALLS: 29607913703.8 # DISPATCH_STALLS_1:FE_NO_OPS event 0x1000001a0
    BE_STALLS: 41095548042.7 # DISPATCH_STALLS_1:BE_STALLS event 0x100001ea0
    DC_MISS: 604517341.0 # REQUESTS_TO_L2_GROUP1:RD_BLK_L:RD_BLK_X:LS_RD_BLK_C_S:CHANGE_TO_X event 0xe860
    DTLB_MISS: 6913051.1 # L1_DTLB_MISS:TLB_RELOAD_1G_L2_MISS:TLB_RELOAD_2M_L2_MISS:TLB_RELOAD_COALESCED_PAGE_MISS:TLB_RELOAD_4K_L2_MISS event 0xf045
    LLC_MISS.0: 44668017.3 # 1st CCX (8 slices of LLC shared by 8 cores) L3PMCx04 L3 tag lookup state, L3LookupMask=01h (MISS)
    LLC_MISS.8: 50436806.9 # 2nd CCX (8 slices of LLC shared by 8 cores) L3PMCx04 L3 tag lookup state, L3LookupMask=01h (MISS) 
    IPC: 2.7665580198498017 # INSTS/CYCLES
    FE_BOUND: 0.20015443195495158 # FE_STALLS / (CYCLES * 6)
    BE_BOUND: 0.27737745443023976 # BE_STALLS / (CYCLES * 6)
    L1MPKI: 8.85972893155251 # DC_MISS / (1000 * INSTS)
    DTLBMPKI: 0.10139758165781314 # DTLB_MISS / (1000 * INSTS)
    LLCMPKI: 1.3944169836866247 # (LLC_MISS.0 + LLC_MISS.8) / (1000 * INSTS)
