freq.stw: 3.9560000000000004
freq.other: 4.386000000000001
INST: 68178905197.8
CYCLES: 24660365858.6
FE_STALLS: 29607913703.8
BE_STALLS: 41095548042.7
DC_MISS: 604517341.0
DTLB_MISS: 6913051.1
LLC_MISS.0: 44668017.3
LLC_MISS.8: 50436806.9
IPC: 2.7665580198498017
FE_BOUND: 0.20015443195495158
BE_BOUND: 0.27737745443023976
L1MPKI: 8.85972893155251
DTLBMPKI: 0.10139758165781314
LLCMPKI: 1.3944169836866247
