freq.stw: 4.077
freq.other: 4.4399999999999995
INSTS: 87674815951.6
CYCLES: 48130819103.7
FE_STALLS: 89746863700.4
BE_STALLS: 84177252333.1
DC_MISS: 978953898.5
DTLB_MISS: 25409199.7
LLC_MISS.0: 131431322.4
LLC_MISS.8: 139871627.3
IPC: 1.82185215867282
FE_BOUND: 0.31077727126315946
BE_BOUND: 0.29144760473330755
L1MPKI: 11.166109401073038
DTLBMPKI: 0.2898106850643289
LLCMPKI: 3.0941977271469336
