open-jdk-21.server.G1.t-32:
  2.0:
    freq.stw: 4.077
    freq.other: 4.4399999999999995
    INSTS: 87674815951.6 # RETIRED_INSTRUCTIONS event 0xc0
    CYCLES: 48130819103.7 # CYCLES_NOT_IN_HALT event 0x76
    FE_STALLS: 89746863700.4 # DISPATCH_STALLS_1:FE_NO_OPS event 0x1000001a0
    BE_STALLS: 84177252333.1 # DISPATCH_STALLS_1:BE_STALLS event 0x100001ea0
    DC_MISS: 978953898.5 # REQUESTS_TO_L2_GROUP1:RD_BLK_L:RD_BLK_X:LS_RD_BLK_C_S:CHANGE_TO_X event 0xe860
    DTLB_MISS: 25409199.7 # L1_DTLB_MISS:TLB_RELOAD_1G_L2_MISS:TLB_RELOAD_2M_L2_MISS:TLB_RELOAD_COALESCED_PAGE_MISS:TLB_RELOAD_4K_L2_MISS event 0xf045
    LLC_MISS.0: 131431322.4 # 1st CCX (8 slices of LLC shared by 8 cores) L3PMCx04 L3 tag lookup state, L3LookupMask=01h (MISS)
    LLC_MISS.8: 139871627.3 # 2nd CCX (8 slices of LLC shared by 8 cores) L3PMCx04 L3 tag lookup state, L3LookupMask=01h (MISS) 
    IPC: 1.82185215867282 # INSTS/CYCLES
    FE_BOUND: 0.31077727126315946 # FE_STALLS / (CYCLES * 6)
    BE_BOUND: 0.29144760473330755 # BE_STALLS / (CYCLES * 6)
    L1MPKI: 11.166109401073038 # DC_MISS / (1000 * INSTS)
    DTLBMPKI: 0.2898106850643289 # DTLB_MISS / (1000 * INSTS)
    LLCMPKI: 3.0941977271469336 # (LLC_MISS.0 + LLC_MISS.8) / (1000 * INSTS)
