open-jdk-21.server.G1.t-32:
  2.0:
    freq.stw: 3.996
    freq.other: 4.2829999999999995
    INSTS: 111154917977.6 # RETIRED_INSTRUCTIONS event 0xc0
    CYCLES: 118220862695.2 # CYCLES_NOT_IN_HALT event 0x76
    FE_STALLS: 276738527002.2 # DISPATCH_STALLS_1:FE_NO_OPS event 0x1000001a0
    BE_STALLS: 228760728201.7 # DISPATCH_STALLS_1:BE_STALLS event 0x100001ea0
    DC_MISS: 2403417512.3 # REQUESTS_TO_L2_GROUP1:RD_BLK_L:RD_BLK_X:LS_RD_BLK_C_S:CHANGE_TO_X event 0xe860
    DTLB_MISS: 53979666.5 # L1_DTLB_MISS:TLB_RELOAD_1G_L2_MISS:TLB_RELOAD_2M_L2_MISS:TLB_RELOAD_COALESCED_PAGE_MISS:TLB_RELOAD_4K_L2_MISS event 0xf045
    LLC_MISS.0: 263587184.2 # 1st CCX (8 slices of LLC shared by 8 cores) L3PMCx04 L3 tag lookup state, L3LookupMask=01h (MISS)
    LLC_MISS.8: 259084966.6 # 2nd CCX (8 slices of LLC shared by 8 cores) L3PMCx04 L3 tag lookup state, L3LookupMask=01h (MISS) 
    IPC: 0.9401921267097129 # INSTS/CYCLES
    FE_BOUND: 0.39015318778643693 # FE_STALLS / (CYCLES * 6)
    BE_BOUND: 0.3224886440246732 # BE_STALLS / (CYCLES * 6
    L1MPKI: 21.62740911340301 # DC_MISS / (1000 * INSTS)
    DTLBMPKI: 0.4856666741712212 # DTLB_MISS / (1000 * INSTS)
    LLCMPKI: 4.702379759015609 # (LLC_MISS.0 + LLC_MISS.8) / (1000 * INSTS)
