freq.stw: 3.996
freq.other: 4.2829999999999995
INSTS: 111154917977.6
CYCLES: 118220862695.2
FE_STALLS: 276738527002.2
BE_STALLS: 228760728201.7
DC_MISS: 2403417512.3
DTLB_MISS: 53979666.5
LLC_MISS.0: 263587184.2
LLC_MISS.8: 259084966.6
IPC: 0.9401921267097129
FE_BOUND: 0.39015318778643693
BE_BOUND: 0.3224886440246732
L1MPKI: 21.62740911340301
DTLBMPKI: 0.4856666741712212
LLCMPKI: 4.702379759015609
