freq.stw: 4.209
freq.other: 4.246
INSTS: 69056328411.3
CYCLES: 49201023611.8
FE_STALLS: 110427275296.9
BE_STALLS: 83853832851.0
DC_MISS: 1306043741.4
DTLB_MISS: 76093755.0
LLC_MISS.0: 105448224.6
LLC_MISS.8: 111077538.1
IPC: 1.403702125446117
FE_BOUND: 0.37407742229227897
BE_BOUND: 0.2840370271197385
L1MPKI: 18.91345977853624
DTLBMPKI: 1.101962639596467
LLCMPKI: 3.1354135905584
