open-jdk-21.server.G1.t-32:
  2.0:
    freq.stw: 4.209
    freq.other: 4.246
    INSTS: 69056328411.3 # RETIRED_INSTRUCTIONS event 0xc0
    CYCLES: 49201023611.8 # CYCLES_NOT_IN_HALT event 0x76
    FE_STALLS: 110427275296.9 # DISPATCH_STALLS_1:FE_NO_OPS event 0x1000001a0
    BE_STALLS: 83853832851.0 # DISPATCH_STALLS_1:BE_STALLS event 0x100001ea0
    DC_MISS: 1306043741.4 # REQUESTS_TO_L2_GROUP1:RD_BLK_L:RD_BLK_X:LS_RD_BLK_C_S:CHANGE_TO_X event 0xe860
    DTLB_MISS: 76093755.0 # L1_DTLB_MISS:TLB_RELOAD_1G_L2_MISS:TLB_RELOAD_2M_L2_MISS:TLB_RELOAD_COALESCED_PAGE_MISS:TLB_RELOAD_4K_L2_MISS event 0xf045
    LLC_MISS.0: 105448224.6 # 1st CCX (8 slices of LLC shared by 8 cores) L3PMCx04 L3 tag lookup state, L3LookupMask=01h (MISS)
    LLC_MISS.8: 111077538.1 # 2nd CCX (8 slices of LLC shared by 8 cores) L3PMCx04 L3 tag lookup state, L3LookupMask=01h (MISS) 
    IPC: 1.403702125446117 # INSTS/CYCLES
    FE_BOUND: 0.37407742229227897 # FE_STALLS / (CYCLES * 6)
    BE_BOUND: 0.2840370271197385 # BE_STALLS / (CYCLES * 6)
    L1MPKI: 18.91345977853624 # DC_MISS / (1000 * INSTS)
    DTLBMPKI: 1.101962639596467 # DTLB_MISS / (1000 * INSTS)
    LLCMPKI: 3.1354135905584 # (LLC_MISS.0 + LLC_MISS.8) / (1000 * INSTS)
