open-jdk-21.server.G1.t-32:
  2.0:
    freq.stw: 4.075
    freq.other: 4.25
    INSTS: 118421944332.7 # RETIRED_INSTRUCTIONS event 0xc0
    CYCLES: 128228395589.5 # CYCLES_NOT_IN_HALT event 0x76
    FE_STALLS: 145197887697.1 # DISPATCH_STALLS_1:FE_NO_OPS event 0x1000001a0
    BE_STALLS: 408312469196.1 # DISPATCH_STALLS_1:BE_STALLS event 0x100001ea0
    DC_MISS: 2849951625.0 # REQUESTS_TO_L2_GROUP1:RD_BLK_L:RD_BLK_X:LS_RD_BLK_C_S:CHANGE_TO_X event 0xe860
    DTLB_MISS: 73228074.8 # L1_DTLB_MISS:TLB_RELOAD_1G_L2_MISS:TLB_RELOAD_2M_L2_MISS:TLB_RELOAD_COALESCED_PAGE_MISS:TLB_RELOAD_4K_L2_MISS event 0xf045
    LLC_MISS.0: 503025170.5 # 1st CCX (8 slices of LLC shared by 8 cores) L3PMCx04 L3 tag lookup state, L3LookupMask=01h (MISS)
    LLC_MISS.8: 500085021.2 # 2nd CCX (8 slices of LLC shared by 8 cores) L3PMCx04 L3 tag lookup state, L3LookupMask=01h (MISS) 
    IPC: 0.9238041397908858 # INSTS/CYCLES
    FE_BOUND: 0.18865648924603007 # FE_STALLS / (CYCLES * 6)
    BE_BOUND: 0.5307202800492198 # BE_STALLS / (CYCLES * 6
    L1MPKI: 24.069844759935258 # DC_MISS / (1000 * INSTS)
    DTLBMPKI: 0.6184071858685688 # DTLB_MISS / (1000 * INSTS)
    LLCMPKI: 8.47525208248544 # (LLC_MISS.0 + LLC_MISS.8) / (1000 * INSTS)
