freq.stw: 4.075
freq.other: 4.25
INST: 118421944332.7
CYCLES: 128228395589.5
FE_STALLS: 145197887697.1
BE_STALLS: 408312469196.1
DC_MISS: 2849951625.0
DTLB_MISS: 73228074.8
LLC_MISS.0: 503025170.5
LLC_MISS.8: 500085021.2
IPC: 0.9238041397908858
FE_BOUND: 0.18865648924603007
BE_BOUND: 0.5307202800492198
L1MPKI: 24.069844759935258
DTLBMPKI: 0.6184071858685688
LLCMPKI: 8.47525208248544
