freq.stw: 3.693
freq.other: 3.344
INSTS: 25002808312.2
CYCLES: 23492506522.4
FE_STALLS: 86268512245.2
BE_STALLS: 24910697395.6
DC_MISS: 398632523.7
DTLB_MISS: 16052365.3
LLC_MISS.0: 30914815.8
LLC_MISS.8: 34279604.2
IPC: 1.0652757644433692
FE_BOUND: 0.6124377643748639
BE_BOUND: 0.17612179250138277
L1MPKI: 15.943253102047118
DTLBMPKI: 0.6417724891381988
LLCMPKI: 2.6067898331997803
