open-jdk-21.server.G1.t-32:
  2.0:
    freq.stw: 4.199
    freq.other: 4.337999999999999
    INSTS: 10596077595.5 # RETIRED_INSTRUCTIONS event 0xc0
    CYCLES: 5948955007.7 # CYCLES_NOT_IN_HALT event 0x76
    FE_STALLS: 11350554582.9 # DISPATCH_STALLS_1:FE_NO_OPS event 0x1000001a0
    BE_STALLS: 10067131153.2 # DISPATCH_STALLS_1:BE_STALLS event 0x100001ea0
    DC_MISS: 148873574.0 # REQUESTS_TO_L2_GROUP1:RD_BLK_L:RD_BLK_X:LS_RD_BLK_C_S:CHANGE_TO_X event 0xe860
    DTLB_MISS: 2217277.6 # L1_DTLB_MISS:TLB_RELOAD_1G_L2_MISS:TLB_RELOAD_2M_L2_MISS:TLB_RELOAD_COALESCED_PAGE_MISS:TLB_RELOAD_4K_L2_MISS event 0xf045
    LLC_MISS.0: 9218499.8 # 1st CCX (8 slices of LLC shared by 8 cores) L3PMCx04 L3 tag lookup state, L3LookupMask=01h (MISS)
    LLC_MISS.8: 15171286.8 # 2nd CCX (8 slices of LLC shared by 8 cores) L3PMCx04 L3 tag lookup state, L3LookupMask=01h (MISS) 
    IPC: 1.7812552997675142 # INSTS/CYCLES
    FE_BOUND: 0.3179262549188753 # FE_STALLS / (CYCLES * 6)
    BE_BOUND: 0.2820700495836367 # BE_STALLS / (CYCLES * 6
    L1MPKI: 14.045811537616586 # DC_MISS / (1000 * INSTS)
    DTLBMPKI: 0.2092869195698439 # DTLB_MISS / (1000 * INSTS)
    LLCMPKI: 2.3024932869946317 # (LLC_MISS.0 + LLC_MISS.8) / (1000 * INSTS)
