freq.stw: 4.199
freq.other: 4.337999999999999
INST: 10596077595.5
CYCLES: 5948955007.7
FE_STALLS: 11350554582.9
BE_STALLS: 10067131153.2
DC_MISS: 148873574.0
DTLB_MISS: 2217277.6
LLC_MISS.0: 9218499.8
LLC_MISS.8: 15171286.8
IPC: 1.7812552997675142
FE_BOUND: 0.3179262549188753
BE_BOUND: 0.2820700495836367
L1MPKI: 14.045811537616586
DTLBMPKI: 0.2092869195698439
LLCMPKI: 2.3024932869946317
