open-jdk-21.server.G1.t-32:
  2.0:
    freq.stw: 4.1209999999999996
    freq.other: 4.0920000000000005
    INSTS: 2430198724.9 # RETIRED_INSTRUCTIONS event 0xc0
    CYCLES: 1195369238.1 # CYCLES_NOT_IN_HALT event 0x76
    FE_STALLS: 2306407523.4 # DISPATCH_STALLS_1:FE_NO_OPS event 0x1000001a0
    BE_STALLS: 1816201465.2 # DISPATCH_STALLS_1:BE_STALLS event 0x100001ea0
    DC_MISS: 31580289.3 # REQUESTS_TO_L2_GROUP1:RD_BLK_L:RD_BLK_X:LS_RD_BLK_C_S:CHANGE_TO_X event 0xe860
    DTLB_MISS: 477370.9 # L1_DTLB_MISS:TLB_RELOAD_1G_L2_MISS:TLB_RELOAD_2M_L2_MISS:TLB_RELOAD_COALESCED_PAGE_MISS:TLB_RELOAD_4K_L2_MISS event 0xf045
    LLC_MISS.0: 2078120.9 # 1st CCX (8 slices of LLC shared by 8 cores) L3PMCx04 L3 tag lookup state, L3LookupMask=01h (MISS)
    LLC_MISS.8: 1639718.2 # 2nd CCX (8 slices of LLC shared by 8 cores) L3PMCx04 L3 tag lookup state, L3LookupMask=01h (MISS) 
    IPC: 2.02261389313367 # INSTS/CYCLES
    FE_BOUND: 0.32323147027478066 # FE_STALLS / (CYCLES * 6)
    BE_BOUND: 0.2528434970546817 # BE_STALLS / (CYCLES * 6
    L1MPKI: 12.673743905371328 # DC_MISS / (1000 * INSTS)
    DTLBMPKI: 0.20050209574899774 # DTLB_MISS / (1000 * INSTS)
    LLCMPKI: 1.5578435947513238 # (LLC_MISS.0 + LLC_MISS.8) / (1000 * INSTS)
