freq.stw: 4.1209999999999996
freq.other: 4.0920000000000005
INST: 2430198724.9
CYCLES: 1195369238.1
FE_STALLS: 2306407523.4
BE_STALLS: 1816201465.2
DC_MISS: 31580289.3
DTLB_MISS: 477370.9
LLC_MISS.0: 2078120.9
LLC_MISS.8: 1639718.2
IPC: 2.02261389313367
FE_BOUND: 0.32323147027478066
BE_BOUND: 0.2528434970546817
L1MPKI: 12.673743905371328
DTLBMPKI: 0.20050209574899774
LLCMPKI: 1.5578435947513238
