freq.stw: 4.337999999999999
freq.other: 4.480000000000001
INST: 17448596767.8
CYCLES: 7809078073.3
FE_STALLS: 4669253121.2
BE_STALLS: 23485880277.8
DC_MISS: 80752721.3
DTLB_MISS: 995951.2
LLC_MISS.0: 16054314.6
LLC_MISS.8: 17983222.9
IPC: 2.2355979565813073
FE_BOUND: 0.09968385126032091
BE_BOUND: 0.5009269774883178
L1MPKI: 4.628221359464976
DTLBMPKI: 0.05702258050311728
LLCMPKI: 1.9483476870301484
