freq.stw: 4.018
freq.other: 4.104
INST: 94953719204.1
CYCLES: 91504930326.2
FE_STALLS: 250402874974.1
BE_STALLS: 135645118494.1
DC_MISS: 1670854205.8
DTLB_MISS: 59943033.9
LLC_MISS.0: 227966144.4
LLC_MISS.8: 229895909.3
IPC: 1.0378315115188435
FE_BOUND: 0.4561129673169407
BE_BOUND: 0.24698627239856022
L1MPKI: 17.59420637300579
DTLBMPKI: 0.6312948459839107
LLCMPKI: 4.821639196539021
