open-jdk-21.server.G1.t-32:
  2.0:
    freq.stw: 4.018
    freq.other: 4.104
    INSTS: 94953719204.1 # RETIRED_INSTRUCTIONS event 0xc0
    CYCLES: 91504930326.2 # CYCLES_NOT_IN_HALT event 0x76
    FE_STALLS: 250402874974.1 # DISPATCH_STALLS_1:FE_NO_OPS event 0x1000001a0
    BE_STALLS: 135645118494.1 # DISPATCH_STALLS_1:BE_STALLS event 0x100001ea0
    DC_MISS: 1670854205.8 # REQUESTS_TO_L2_GROUP1:RD_BLK_L:RD_BLK_X:LS_RD_BLK_C_S:CHANGE_TO_X event 0xe860
    DTLB_MISS: 59943033.9 # L1_DTLB_MISS:TLB_RELOAD_1G_L2_MISS:TLB_RELOAD_2M_L2_MISS:TLB_RELOAD_COALESCED_PAGE_MISS:TLB_RELOAD_4K_L2_MISS event 0xf045
    LLC_MISS.0: 227966144.4 # 1st CCX (8 slices of LLC shared by 8 cores) L3PMCx04 L3 tag lookup state, L3LookupMask=01h (MISS)
    LLC_MISS.8: 229895909.3 # 2nd CCX (8 slices of LLC shared by 8 cores) L3PMCx04 L3 tag lookup state, L3LookupMask=01h (MISS) 
    IPC: 1.0378315115188435 # INSTS/CYCLES
    FE_BOUND: 0.4561129673169407 # FE_STALLS / (CYCLES * 6)
    BE_BOUND: 0.24698627239856022 # BE_STALLS / (CYCLES * 6
    L1MPKI: 17.59420637300579 # DC_MISS / (1000 * INSTS)
    DTLBMPKI: 0.6312948459839107 # DTLB_MISS / (1000 * INSTS)
    LLCMPKI: 4.821639196539021 # (LLC_MISS.0 + LLC_MISS.8) / (1000 * INSTS)
