freq.stw: 4.148999999999999
freq.other: 4.46
INST: 442856480759.1
CYCLES: 380099475567.8
FE_STALLS: 125438301728.0
BE_STALLS: 1106445752276.9
DC_MISS: 3645286557.0
DTLB_MISS: 45764958.6
LLC_MISS.0: 487877138.5
LLC_MISS.8: 494147833.5
IPC: 1.1697553135598961
FE_BOUND: 0.055116390876411035
BE_BOUND: 0.4841500519694432
L1MPKI: 8.231414718523045
DTLBMPKI: 0.10334237659398893
LLCMPKI: 2.2173112122629877
