freq.stw: 4.356999999999999
freq.other: 4.4399999999999995
INST: 82124592650.5
CYCLES: 74188082830.7
FE_STALLS: 95727497052.8
BE_STALLS: 183743541897.9
DC_MISS: 1350812149.4
DTLB_MISS: 22015215.4
LLC_MISS.0: 183358155.6
LLC_MISS.8: 180919900.3
IPC: 1.1069761181035052
FE_BOUND: 0.2150549743666877
BE_BOUND: 0.41279691872514485
L1MPKI: 16.44934151923927
DTLBMPKI: 0.2680846981091535
LLCMPKI: 4.43598042283646
