open-jdk-21.server.G1.t-32:
  2.0:
    freq.stw: 4.356999999999999
    freq.other: 4.4399999999999995
    INSTS: 82124592650.5 # RETIRED_INSTRUCTIONS event 0xc0
    CYCLES: 74188082830.7 # CYCLES_NOT_IN_HALT event 0x76
    FE_STALLS: 95727497052.8 # DISPATCH_STALLS_1:FE_NO_OPS event 0x1000001a0
    BE_STALLS: 183743541897.9 # DISPATCH_STALLS_1:BE_STALLS event 0x100001ea0
    DC_MISS: 1350812149.4 # REQUESTS_TO_L2_GROUP1:RD_BLK_L:RD_BLK_X:LS_RD_BLK_C_S:CHANGE_TO_X event 0xe860
    DTLB_MISS: 22015215.4 # L1_DTLB_MISS:TLB_RELOAD_1G_L2_MISS:TLB_RELOAD_2M_L2_MISS:TLB_RELOAD_COALESCED_PAGE_MISS:TLB_RELOAD_4K_L2_MISS event 0xf045
    LLC_MISS.0: 183358155.6 # 1st CCX (8 slices of LLC shared by 8 cores) L3PMCx04 L3 tag lookup state, L3LookupMask=01h (MISS)
    LLC_MISS.8: 180919900.3 # 2nd CCX (8 slices of LLC shared by 8 cores) L3PMCx04 L3 tag lookup state, L3LookupMask=01h (MISS) 
    IPC: 1.1069761181035052 # INSTS/CYCLES
    FE_BOUND: 0.2150549743666877 # FE_STALLS / (CYCLES * 6)
    BE_BOUND: 0.41279691872514485 # BE_STALLS / (CYCLES * 6)
    L1MPKI: 16.44934151923927 # DC_MISS / (1000 * INSTS)
    DTLBMPKI: 0.2680846981091535 # DTLB_MISS / (1000 * INSTS)
    LLCMPKI: 4.43598042283646 # (LLC_MISS.0 + LLC_MISS.8) / (1000 * INSTS)
