open-jdk-21.server.G1.t-32:
  2.0:
    freq.stw: 3.9019999999999997
    freq.other: 4.311999999999999
    INSTS: 330760226964.6 # RETIRED_INSTRUCTIONS event 0xc0
    CYCLES: 278505191282.5 # CYCLES_NOT_IN_HALT event 0x76
    FE_STALLS: 454516882569.7 # DISPATCH_STALLS_1:FE_NO_OPS event 0x1000001a0
    BE_STALLS: 610570906425.6 # DISPATCH_STALLS_1:BE_STALLS event 0x100001ea0
    DC_MISS: 4482347668.5 # REQUESTS_TO_L2_GROUP1:RD_BLK_L:RD_BLK_X:LS_RD_BLK_C_S:CHANGE_TO_X event 0xe860
    DTLB_MISS: 129426814.2 # L1_DTLB_MISS:TLB_RELOAD_1G_L2_MISS:TLB_RELOAD_2M_L2_MISS:TLB_RELOAD_COALESCED_PAGE_MISS:TLB_RELOAD_4K_L2_MISS event 0xf045
    LLC_MISS.0: 548001429.6 # 1st CCX (8 slices of LLC shared by 8 cores) L3PMCx04 L3 tag lookup state, L3LookupMask=01h (MISS)
    LLC_MISS.8: 538150193.8 # 2nd CCX (8 slices of LLC shared by 8 cores) L3PMCx04 L3 tag lookup state, L3LookupMask=01h (MISS) 
    IPC: 1.187563818775302 # INSTS/CYCLES
    FE_BOUND: 0.2720382284213022 # FE_STALLS / (CYCLES * 6)
    BE_BOUND: 0.36537318349237385 # BE_STALLS / (CYCLES * 6
    L1MPKI: 13.557506036865163 # DC_MISS / (1000 * INSTS)
    DTLBMPKI: 0.3914711837532778 # DTLB_MISS / (1000 * INSTS)
    LLCMPKI: 3.285342909024659 # (LLC_MISS.0 + LLC_MISS.8) / (1000 * INSTS)
