freq.stw: 3.9019999999999997
freq.other: 4.311999999999999
INST: 330760226964.6
CYCLES: 278505191282.5
FE_STALLS: 454516882569.7
BE_STALLS: 610570906425.6
DC_MISS: 4482347668.5
DTLB_MISS: 129426814.2
LLC_MISS.0: 548001429.6
LLC_MISS.8: 538150193.8
IPC: 1.187563818775302
FE_BOUND: 0.2720382284213022
BE_BOUND: 0.36537318349237385
L1MPKI: 13.557506036865163
DTLBMPKI: 0.3914711837532778
LLCMPKI: 3.285342909024659
