freq.stw: 4.239000000000001
freq.other: 4.241000000000001
INSTS: 119219064540.5
CYCLES: 63703601976.3
FE_STALLS: 130058560247.8
BE_STALLS: 109362172117.7
DC_MISS: 1069516373.4
DTLB_MISS: 45664358.4
LLC_MISS.0: 174415478.8
LLC_MISS.8: 183398020.5
IPC: 1.8715544699744915
FE_BOUND: 0.3402450829029591
BE_BOUND: 0.28610843562454213
L1MPKI: 8.971917359561234
DTLBMPKI: 0.3830145276373023
LLCMPKI: 3.001617279122805
