open-jdk-21.server.G1.t-32:
  2.0:
    freq.stw: 4.239000000000001
    freq.other: 4.241000000000001
    INSTS: 119219064540.5 # RETIRED_INSTRUCTIONS event 0xc0
    CYCLES: 63703601976.3 # CYCLES_NOT_IN_HALT event 0x76
    FE_STALLS: 130058560247.8 # DISPATCH_STALLS_1:FE_NO_OPS event 0x1000001a0
    BE_STALLS: 109362172117.7 # DISPATCH_STALLS_1:BE_STALLS event 0x100001ea0
    DC_MISS: 1069516373.4 # REQUESTS_TO_L2_GROUP1:RD_BLK_L:RD_BLK_X:LS_RD_BLK_C_S:CHANGE_TO_X event 0xe860
    DTLB_MISS: 45664358.4 # L1_DTLB_MISS:TLB_RELOAD_1G_L2_MISS:TLB_RELOAD_2M_L2_MISS:TLB_RELOAD_COALESCED_PAGE_MISS:TLB_RELOAD_4K_L2_MISS event 0xf045
    LLC_MISS.0: 174415478.8 # 1st CCX (8 slices of LLC shared by 8 cores) L3PMCx04 L3 tag lookup state, L3LookupMask=01h (MISS)
    LLC_MISS.8: 183398020.5 # 2nd CCX (8 slices of LLC shared by 8 cores) L3PMCx04 L3 tag lookup state, L3LookupMask=01h (MISS) 
    IPC: 1.8715544699744915 # INSTS/CYCLES
    FE_BOUND: 0.3402450829029591 # FE_STALLS / (CYCLES * 6)
    BE_BOUND: 0.28610843562454213 # BE_STALLS / (CYCLES * 6)
    L1MPKI: 8.971917359561234 # DC_MISS / (1000 * INSTS)
    DTLBMPKI: 0.3830145276373023 # DTLB_MISS / (1000 * INSTS)
    LLCMPKI: 3.001617279122805 # (LLC_MISS.0 + LLC_MISS.8) / (1000 * INSTS)
