open-jdk-21.server.G1.t-32:
  2.0:
    freq.stw: 3.4909999999999997
    freq.other: 4.444000000000001
    INSTS: 37013927398.1 # RETIRED_INSTRUCTIONS event 0xc0
    CYCLES: 14046802564.1 # CYCLES_NOT_IN_HALT event 0x76
    FE_STALLS: 10497917458.6 # DISPATCH_STALLS_1:FE_NO_OPS event 0x1000001a0
    BE_STALLS: 30991991437.9 # DISPATCH_STALLS_1:BE_STALLS event 0x100001ea0
    DC_MISS: 252213285.8 # REQUESTS_TO_L2_GROUP1:RD_BLK_L:RD_BLK_X:LS_RD_BLK_C_S:CHANGE_TO_X event 0xe860
    DTLB_MISS: 3164377.1 # L1_DTLB_MISS:TLB_RELOAD_1G_L2_MISS:TLB_RELOAD_2M_L2_MISS:TLB_RELOAD_COALESCED_PAGE_MISS:TLB_RELOAD_4K_L2_MISS event 0xf045
    LLC_MISS.0: 19154686.7 # 1st CCX (8 slices of LLC shared by 8 cores) L3PMCx04 L3 tag lookup state, L3LookupMask=01h (MISS)
    LLC_MISS.8: 17337581.1 # 2nd CCX (8 slices of LLC shared by 8 cores) L3PMCx04 L3 tag lookup state, L3LookupMask=01h (MISS) 
    IPC: 2.635441848202207 # INSTS/CYCLES
    FE_BOUND: 0.12453269027556044 # FE_STALLS / (CYCLES * 6)
    BE_BOUND: 0.3676742811555326 # BE_STALLS / (CYCLES * 6)
    L1MPKI: 6.81471497033681 # DC_MISS / (1000 * INSTS)
    DTLBMPKI: 0.08548304865868803 # DTLB_MISS / (1000 * INSTS)
    LLCMPKI: 0.985852551993232 # (LLC_MISS.0 + LLC_MISS.8) / (1000 * INSTS)
