freq.stw: 3.4909999999999997
freq.other: 4.444000000000001
INSTS: 37013927398.1
CYCLES: 14046802564.1
FE_STALLS: 10497917458.6
BE_STALLS: 30991991437.9
DC_MISS: 252213285.8
DTLB_MISS: 3164377.1
LLC_MISS.0: 19154686.7
LLC_MISS.8: 17337581.1
IPC: 2.635441848202207
FE_BOUND: 0.12453269027556044
BE_BOUND: 0.3676742811555326
L1MPKI: 6.81471497033681
DTLBMPKI: 0.08548304865868803
LLCMPKI: 0.985852551993232
