freq.stw: 3.7369999999999997
freq.other: 4.465999999999999
INST: 194634839759.7
CYCLES: 40886907283.7
FE_STALLS: 15227033958.2
BE_STALLS: 46566103281.0
DC_MISS: 431970962.8
DTLB_MISS: 7000154.4
LLC_MISS.0: 122369085.7
LLC_MISS.8: 186473317.8
IPC: 4.760405331799538
FE_BOUND: 0.062073006924694675
BE_BOUND: 0.18980056045279406
L1MPKI: 2.2195608177346644
DTLBMPKI: 0.03596788551489002
LLCMPKI: 1.5867856173031611
